# q-expansions of the AL-adapted basis e_1..e_13, q^0..q^140.
# Integral. Same labels as X0_143_AL_adapted_basis.txt.
#
n,e1,e2,e3,e4,e5,e6,e7,e8,e9,e10,e11,e12,e13
0,0,0,0,0,0,0,0,0,0,0,0,0,0
1,72,-27,-2,-7,-49,-15,-26,1,8,-8,18,-10,1
2,0,-35,-12,-27,15,-77,0,-2,6,46,36,-20,-2
3,-72,-48,-24,-8,-40,-16,-136,-1,0,0,48,56,-1
4,-144,7,10,59,-59,5,0,2,6,56,42,36,2
5,-72,38,56,-18,14,-110,-120,1,0,-20,-12,-112,1
6,0,-72,-68,-48,-4,90,94,2,-2,44,12,-66,2
7,-144,-106,68,48,-78,42,88,-2,12,-96,-54,66,-2
8,0,141,-34,-105,119,-45,132,0,18,-40,-12,102,0
9,-144,-13,-130,-51,-83,23,-46,-2,4,-108,-84,-36,-2
10,0,42,44,2,-18,2,220,-2,-16,-24,36,-92,-2
11,-72,27,2,7,49,15,26,1,8,-8,18,-10,1
12,144,-52,50,146,-36,152,-80,-2,8,-18,-36,-122,-2
13,-72,-27,-2,-7,-49,-15,-26,17,-8,8,-18,10,-9
14,0,-104,82,-50,68,-136,-116,4,-8,38,-96,66,4
15,72,152,124,-40,-44,160,48,-1,-20,124,96,112,-1
16,288,93,68,133,-61,-9,-204,-4,10,-22,-120,56,-4
17,-288,70,24,54,-30,154,0,-2,12,52,48,-264,-2
18,0,-43,-162,-33,-5,-97,-104,4,-30,-32,-96,-6,4
19,144,-32,-76,24,44,124,36,0,16,-36,168,36,0
20,144,-2,0,78,10,-114,52,2,-48,-12,48,-52,2
21,144,-10,108,128,102,-138,-12,2,-4,-80,54,254,2
22,0,35,12,27,-15,77,0,-2,6,46,36,-20,-2
23,504,82,-104,88,-54,78,32,-1,-8,28,-54,66,-1
24,0,154,66,-146,314,-2,68,0,4,-98,18,132,0
25,-288,83,-158,-189,-131,67,-18,-4,24,16,-114,-30,-4
26,0,-35,-12,-27,15,-77,0,-34,-6,-46,-36,20,18
27,360,-142,-232,-88,-58,-22,-36,5,-24,44,-42,142,5
28,288,30,10,66,-134,200,-162,-4,-2,94,-6,158,-4
29,-144,-26,20,-130,2,-38,168,0,-20,104,84,0,0
30,0,92,224,128,380,12,-24,2,16,-16,36,-20,2
31,-216,-232,128,36,4,-152,-112,7,4,-48,-192,132,7
32,0,-53,-54,-145,165,-37,366,8,-8,48,-90,122,8
33,72,48,24,8,40,16,136,-1,0,0,48,56,-1
34,0,94,-12,-90,314,50,104,4,12,32,228,-152,4
35,144,-260,32,144,116,-128,-108,-2,-12,-112,-180,-184,-2
36,288,-7,20,33,-53,-71,110,-4,-56,26,0,70,-4
37,-792,-94,-60,82,-102,-34,120,3,24,144,120,-304,3
38,0,-44,-88,4,-16,242,-126,0,-10,200,144,-330,0
39,72,-48,-24,-8,-40,-16,-136,-17,0,0,-48,-56,9
40,0,34,-168,-178,-10,-298,-280,0,-60,-124,-132,-236,0
41,720,16,96,194,0,112,192,-8,16,192,78,-126,-8
42,0,124,26,-162,-60,-30,358,-4,-26,78,-132,-92,-4
43,-288,324,-68,-40,108,72,44,-6,52,-156,72,-40,-6
44,144,-7,-10,-59,59,-5,0,2,6,56,42,36,2
45,144,426,304,26,302,-194,-104,-2,52,-116,-192,-152,-2
46,0,204,-242,-270,248,-264,160,2,12,-66,-84,178,2
47,-288,-28,20,-52,12,-152,220,8,-36,100,36,-92,8
48,-288,122,204,244,-262,384,-58,4,-42,104,-18,152,4
49,-216,-275,186,-67,-229,-95,62,-3,12,-116,30,66,-3
50,0,-53,-76,179,41,-155,-336,8,58,10,-12,388,8
51,288,144,136,96,8,-180,-188,2,-44,336,216,92,2
52,144,7,10,59,-59,5,0,34,-6,-56,-42,-36,-18
53,144,-194,192,-46,-82,-50,140,-6,-12,-92,-24,96,-6
54,0,-216,-250,34,-320,18,-334,-10,-2,-114,-144,152,-10
55,72,-38,-56,18,-14,110,120,1,0,-20,-12,-112,1
56,0,242,-262,-110,346,360,482,0,66,-78,150,154,0
57,-144,-150,-212,-16,-106,-150,100,0,64,-272,102,26,0
58,0,-138,204,306,-230,-90,-452,0,0,-40,72,-112,0
59,-72,68,-200,-184,-64,80,-212,5,-32,72,-144,152,5
60,-144,-152,12,212,0,516,300,-2,52,-156,-120,-264,-2
61,-144,66,152,-126,-98,-134,-124,12,-24,212,120,-20,12
62,0,-264,132,4,-264,168,72,-14,24,-92,-240,468,-14
63,288,406,0,116,222,454,492,4,44,-188,30,-254,4
64,-576,-355,72,209,-449,107,-368,-8,10,-42,108,224,-8
65,72,38,56,-18,14,-110,-120,17,0,20,12,112,-9
66,0,72,68,48,4,-90,-94,2,-2,44,12,-66,2
67,-72,-84,28,-164,-64,-180,-224,-7,4,228,288,-304,-7
68,576,-142,116,318,-298,398,-264,-4,-36,80,216,20,-4
69,-504,-246,-132,204,-130,282,-196,1,-8,8,-114,-102,1
70,0,-192,-80,-160,-360,360,200,4,-56,-192,-144,8,4
71,-648,200,-168,-116,252,-96,216,-3,-28,-56,96,396,-3
72,0,147,328,-27,21,-197,194,0,-12,-162,30,-184,0
73,-1152,-222,-68,-70,-238,-118,100,4,44,-296,-144,188,4
74,0,6,-148,-230,2,-450,-60,-6,56,112,384,-120,-6
75,288,-128,-248,-340,20,-468,-1028,4,-72,280,72,208,4
76,-288,-64,30,-50,72,256,-132,0,-12,46,24,-346,0
77,144,106,-68,-48,78,-42,-88,-2,12,-96,-54,66,-2
78,0,-72,-68,-48,-4,90,94,34,2,-44,-12,66,-18
79,576,-80,16,-144,-96,-68,116,-10,-20,-312,-288,-124,-10
80,-288,-22,-200,-74,-410,142,24,-4,-52,-340,-300,-308,-4
81,72,-589,-286,-79,-83,-125,-154,1,8,200,12,-172,1
82,0,178,14,-260,306,-226,148,16,84,70,264,150,16
83,0,430,100,52,242,106,-224,-6,-4,-80,6,198,-6
84,-288,74,44,64,-258,-308,-542,4,10,-72,-198,-280,4
85,288,-84,-88,-4,36,-4,-440,-2,96,-96,24,-344,-2
86,0,376,-64,52,216,-12,148,12,4,288,132,-192,12
87,144,100,76,-180,372,-324,-136,0,32,-52,-132,-376,0
88,0,-141,34,105,-119,45,-132,0,18,-40,-12,102,0
89,-504,-82,136,234,70,70,-228,15,20,-124,96,112,15
90,0,546,348,122,190,186,796,4,48,72,-12,388,4
91,144,-106,68,48,-78,42,88,-34,-12,96,54,-66,18
92,-1008,-30,150,302,-626,-204,-506,-2,34,-26,-54,138,-2
93,216,-8,28,8,-148,84,508,-7,-48,68,-96,172,-7
94,0,-20,124,132,-276,-384,-292,-16,-28,-156,36,-164,-16
95,-144,128,180,220,304,388,436,0,4,308,240,32,0
96,0,-52,-112,-212,528,-256,412,-8,-16,16,-180,-148,-8
97,-936,82,-180,-66,-182,90,-212,-7,44,80,444,368,-7
98,0,-411,332,133,-101,-347,-370,6,-28,102,-36,-158,6
99,144,13,130,51,83,-23,46,-2,4,-108,-84,-36,-2
100,576,-31,-74,-99,251,-29,784,-8,82,264,174,700,-8
101,1296,218,-76,-146,-98,126,-112,2,-36,80,-72,-316,2
102,0,296,-4,-260,232,-240,704,-4,48,-68,192,-60,-4
103,576,-386,208,-28,98,-498,-92,-16,-16,-172,-258,14,-16
104,0,141,-34,-105,119,-45,132,0,-18,40,12,-102,0
105,-144,-308,-260,148,-404,460,1056,2,-72,300,132,376,2
106,0,-306,368,214,-146,-116,-370,12,-46,-36,-144,-98,12
107,576,276,80,20,236,360,324,18,4,-48,-288,20,18
108,-720,78,-56,-276,258,-208,242,10,30,-156,-174,-56,10
109,288,-178,-212,6,46,190,276,10,12,448,360,-308,10
110,0,-42,-44,-2,18,-2,-220,-2,-16,-24,36,-92,-2
111,792,-400,-160,236,-36,324,-20,-3,-48,424,240,-40,-3
112,-576,106,-58,358,38,186,-504,8,68,234,186,-328,8
113,72,-270,-128,26,-490,238,-104,9,-36,-236,-144,400,9
114,0,-96,-286,-146,-332,-520,-268,0,-24,390,96,-350,0
115,-504,308,136,236,280,-92,360,-1,-44,-80,-60,80,-1
116,288,134,-220,-502,586,-166,776,0,4,-168,-72,-316,0
117,144,-13,-130,-51,-83,23,-46,-34,-4,108,84,36,18
118,0,-92,-176,164,-12,256,-148,-10,12,-224,-240,396,-10
119,576,208,-164,100,-136,272,232,4,-40,-148,-552,-236,4
120,0,-316,-448,-384,-372,392,-332,0,-20,144,12,112,0
121,72,-27,-2,-7,-49,-15,-26,1,8,-8,18,-10,1
122,0,-30,256,166,78,-190,92,-24,32,-52,156,-40,-24
123,-720,78,304,452,190,230,372,8,-36,308,30,-254,8
124,432,68,-36,-52,204,172,-168,14,64,116,-36,592,14
125,648,340,-8,-216,304,-272,-756,-9,-48,-408,-312,-64,-9
126,0,536,78,66,560,118,-178,-8,-34,194,168,-356,-8
127,-576,-168,-72,8,-40,-300,-220,8,-4,128,-240,-244,8
128,0,-201,-122,-365,245,-211,-272,0,18,68,162,-340,0
129,288,256,144,-32,184,108,-188,6,4,-88,360,580,6
130,0,42,44,2,-18,2,220,-34,16,24,-36,92,18
131,1296,376,172,192,272,64,-32,-18,-32,52,132,376,-18
132,-144,52,-50,-146,36,-152,80,-2,8,-18,-36,-122,-2
133,-288,462,-60,-112,142,-94,-80,0,0,-544,-126,710,0
134,0,-240,112,212,-256,92,-44,14,36,136,516,-456,14
135,-360,676,628,232,584,88,652,5,-64,84,60,416,5
136,0,-214,-176,-502,358,-2,408,0,-76,-68,-336,-216,0
137,-1224,-194,256,26,-194,-278,-456,-7,-8,-140,-264,172,-7
138,0,-196,-390,-450,292,374,178,-2,-2,-134,-60,152,-2
139,1296,208,-460,-224,32,328,192,10,-56,-132,-108,344,10
140,-288,64,48,-64,24,44,-732,-4,-124,-80,0,68,-4
